# relative_time, cycles_done, cur_item, corpus_count, pending_total, pending_favs, map_size, saved_crashes, saved_hangs, max_depth, execs_per_sec, total_execs, edges_found
61, 150, 2, 3, 0, 0, 28.57%, 1, 0, 2, 1277.26, 119479, 4
66, 158, 2, 3, 0, 0, 28.57%, 1, 0, 2, 1224.26, 125770, 4
72, 169, 2, 3, 0, 0, 28.57%, 1, 0, 2, 1752.02, 134324, 4
77, 183, 1, 3, 0, 0, 28.57%, 1, 0, 2, 2149.91, 145712, 4
82, 198, 0, 3, 0, 0, 28.57%, 1, 0, 2, 2250.56, 157375, 4
87, 214, 0, 3, 0, 0, 28.57%, 1, 0, 2, 2309.22, 169275, 4
92, 228, 0, 3, 0, 0, 28.57%, 1, 0, 2, 1973.16, 179827, 4
97, 236, 2, 3, 0, 0, 28.57%, 1, 0, 2, 1554.79, 186630, 4
102, 245, 0, 3, 0, 0, 28.57%, 1, 0, 2, 1328.68, 193355, 4
108, 254, 2, 3, 0, 0, 28.57%, 1, 0, 2, 1290.66, 199925, 4
113, 262, 1, 3, 0, 0, 28.57%, 1, 0, 2, 1299.37, 206590, 4
118, 271, 0, 3, 0, 0, 28.57%, 1, 0, 2, 1288.37, 213244, 4
123, 279, 0, 3, 0, 0, 28.57%, 1, 0, 2, 1232.57, 219566, 4
128, 287, 1, 3, 0, 0, 28.57%, 1, 0, 2, 1230.44, 225963, 4
133, 296, 1, 3, 0, 0, 28.57%, 1, 0, 2, 1252.48, 232546, 4
139, 304, 0, 3, 0, 0, 28.57%, 1, 0, 2, 1275.41, 239176, 4
144, 315, 1, 3, 0, 0, 28.57%, 1, 0, 2, 1651.22, 247114, 4
149, 324, 2, 3, 0, 0, 28.57%, 1, 0, 2, 1428.81, 254518, 4
154, 332, 2, 3, 0, 0, 28.57%, 1, 0, 2, 1283.86, 260983, 4
159, 340, 2, 3, 0, 0, 28.57%, 1, 0, 2, 1252.15, 267411, 4
164, 348, 2, 3, 0, 0, 28.57%, 1, 0, 2, 1231.12, 273713, 4
169, 356, 2, 3, 0, 0, 28.57%, 1, 0, 2, 1204.82, 279849, 4
175, 364, 2, 3, 0, 0, 28.57%, 1, 0, 2, 1218.35, 286266, 4
180, 372, 2, 3, 0, 0, 28.57%, 1, 0, 2, 1238.17, 292498, 4
185, 380, 2, 3, 0, 0, 28.57%, 1, 0, 2, 1222.66, 298756, 4
190, 388, 0, 3, 0, 0, 28.57%, 1, 0, 2, 1235.47, 305077, 4
195, 397, 2, 3, 0, 0, 28.57%, 1, 0, 2, 1225.14, 311325, 4
200, 405, 2, 3, 0, 0, 28.57%, 1, 0, 2, 1214.83, 317553, 4
205, 413, 0, 3, 0, 0, 28.57%, 1, 0, 2, 1257.20, 324033, 4
211, 420, 0, 3, 0, 0, 28.57%, 1, 0, 2, 1202.02, 330184, 4
216, 428, 0, 3, 0, 0, 28.57%, 1, 0, 2, 1221.14, 336403, 4
221, 436, 0, 3, 0, 0, 28.57%, 1, 0, 2, 1189.77, 342575, 4
226, 444, 2, 3, 0, 0, 28.57%, 1, 0, 2, 1221.26, 348852, 4
231, 453, 0, 3, 0, 0, 28.57%, 1, 0, 2, 1234.30, 355320, 4
236, 461, 0, 3, 0, 0, 28.57%, 1, 0, 2, 1252.44, 361767, 4
242, 470, 0, 3, 0, 0, 28.57%, 1, 0, 2, 1216.09, 368127, 4
247, 478, 2, 3, 0, 0, 28.57%, 1, 0, 2, 1216.33, 374460, 4
252, 485, 1, 3, 0, 0, 28.57%, 1, 0, 2, 1179.69, 380453, 4
257, 493, 2, 3, 0, 0, 28.57%, 1, 0, 2, 1229.89, 386779, 4
262, 501, 0, 3, 0, 0, 28.57%, 1, 0, 2, 1173.27, 392701, 4
267, 510, 1, 3, 0, 0, 28.57%, 1, 0, 2, 1205.12, 399041, 4
272, 518, 0, 3, 0, 0, 28.57%, 1, 0, 2, 1283.53, 405504, 4
277, 526, 0, 3, 0, 0, 28.57%, 1, 0, 2, 1264.84, 411911, 4
283, 534, 0, 3, 0, 0, 28.57%, 1, 0, 2, 1263.78, 418473, 4
288, 541, 0, 3, 0, 0, 28.57%, 1, 0, 2, 1233.23, 424616, 4
293, 549, 2, 3, 0, 0, 28.57%, 1, 0, 2, 1247.47, 431065, 4
298, 563, 0, 3, 0, 0, 28.57%, 1, 0, 2, 1915.91, 441900, 4
300, 566, 2, 3, 0, 0, 28.57%, 1, 0, 2, 1797.05, 444574, 4
